0 0 36 0.36 a1r
0 0 37 0.54 a1r
0 0 45 0.04 a1r
0 0 46 0.06 a1r
0 1 18 0.4 a0r
0 1 19 0.4 a0r
0 1 27 0.1 a0r
0 1 28 0.1 a0r
1 0 36 0.27 a1r
1 0 37 0.36 a1r
1 0 38 0.27 a1r
1 0 45 0.03 a1r
1 0 46 0.04 a1r
1 0 47 0.03 a1r
1 1 18 0.2 a0r
1 1 19 0.4 a0r
1 1 20 0.2 a0r
1 1 27 0.05 a0r
1 1 28 0.1 a0r
1 1 29 0.05 a0r
2 0 37 0.54 a1r
2 0 38 0.36 a1r
2 0 46 0.06 a1r
2 0 47 0.04 a1r
2 1 19 0.4 a0r
2 1 20 0.4 a0r
2 1 28 0.1 a0r
2 1 29 0.1 a0r
3 0 36 0.216 a1r
3 0 37 0.324 a1r
3 0 39 0.144 a1r
3 0 40 0.216 a1r
3 0 45 0.024 a1r
3 0 46 0.036 a1r
3 0 48 0.016 a1r
3 0 49 0.024 a1r
3 1 18 0.2 a0r
3 1 19 0.2 a0r
3 1 21 0.2 a0r
3 1 22 0.2 a0r
3 1 27 0.05 a0r
3 1 28 0.05 a0r
3 1 30 0.05 a0r
3 1 31 0.05 a0r
4 0 36 0.162 a1r
4 0 37 0.216 a1r
4 0 38 0.162 a1r
4 0 39 0.108 a1r
4 0 40 0.144 a1r
4 0 41 0.108 a1r
4 0 45 0.018 a1r
4 0 46 0.024 a1r
4 0 47 0.018 a1r
4 0 48 0.012 a1r
4 0 49 0.016 a1r
4 0 50 0.012 a1r
4 1 18 0.1 a0r
4 1 19 0.2 a0r
4 1 20 0.1 a0r
4 1 21 0.1 a0r
4 1 22 0.2 a0r
4 1 23 0.1 a0r
4 1 27 0.025 a0r
4 1 28 0.05 a0r
4 1 29 0.025 a0r
4 1 30 0.025 a0r
4 1 31 0.05 a0r
4 1 32 0.025 a0r
5 0 37 0.324 a1r
5 0 38 0.216 a1r
5 0 40 0.216 a1r
5 0 41 0.144 a1r
5 0 46 0.036 a1r
5 0 47 0.024 a1r
5 0 49 0.024 a1r
5 0 50 0.016 a1r
5 1 19 0.2 a0r
5 1 20 0.2 a0r
5 1 22 0.2 a0r
5 1 23 0.2 a0r
5 1 28 0.05 a0r
5 1 29 0.05 a0r
5 1 31 0.05 a0r
5 1 32 0.05 a0r
6 0 39 0.216 a1r
6 0 40 0.324 a1r
6 0 42 0.144 a1r
6 0 43 0.216 a1r
6 0 48 0.024 a1r
6 0 49 0.036 a1r
6 0 51 0.016 a1r
6 0 52 0.024 a1r
6 1 21 0.2 a0r
6 1 22 0.2 a0r
6 1 24 0.2 a0r
6 1 25 0.2 a0r
6 1 30 0.05 a0r
6 1 31 0.05 a0r
6 1 33 0.05 a0r
6 1 34 0.05 a0r
7 0 39 0.162 a1r
7 0 40 0.216 a1r
7 0 41 0.162 a1r
7 0 42 0.108 a1r
7 0 43 0.144 a1r
7 0 44 0.108 a1r
7 0 48 0.018 a1r
7 0 49 0.024 a1r
7 0 50 0.018 a1r
7 0 51 0.012 a1r
7 0 52 0.016 a1r
7 0 53 0.012 a1r
7 1 21 0.1 a0r
7 1 22 0.2 a0r
7 1 23 0.1 a0r
7 1 24 0.1 a0r
7 1 25 0.2 a0r
7 1 26 0.1 a0r
7 1 30 0.025 a0r
7 1 31 0.05 a0r
7 1 32 0.025 a0r
7 1 33 0.025 a0r
7 1 34 0.05 a0r
7 1 35 0.025 a0r
8 0 40 0.324 a1r
8 0 41 0.216 a1r
8 0 43 0.216 a1r
8 0 44 0.144 a1r
8 0 49 0.036 a1r
8 0 50 0.024 a1r
8 0 52 0.024 a1r
8 0 53 0.016 a1r
8 1 22 0.2 a0r
8 1 23 0.2 a0r
8 1 25 0.2 a0r
8 1 26 0.2 a0r
8 1 31 0.05 a0r
8 1 32 0.05 a0r
8 1 34 0.05 a0r
8 1 35 0.05 a0r
9 0 0 0.4 repair
9 0 3 0.6 repair
10 0 0 0.4 repair
10 0 3 0.6 repair
11 0 1 0.4 repair
11 0 4 0.6 repair
12 0 3 0.4 repair
12 0 6 0.6 repair
13 0 3 0.4 repair
13 0 6 0.6 repair
14 0 4 0.4 repair
14 0 7 0.6 repair
15 0 6 1 repair
16 0 6 1 repair
17 0 7 1 repair
18 0 54 0.36 a1r
18 0 55 0.54 a1r
18 0 63 0.04 a1r
18 0 64 0.06 a1r
19 0 54 0.27 a1r
19 0 55 0.36 a1r
19 0 56 0.27 a1r
19 0 63 0.03 a1r
19 0 64 0.04 a1r
19 0 65 0.03 a1r
20 0 55 0.54 a1r
20 0 56 0.36 a1r
20 0 64 0.06 a1r
20 0 65 0.04 a1r
21 0 54 0.216 a1r
21 0 55 0.324 a1r
21 0 57 0.144 a1r
21 0 58 0.216 a1r
21 0 63 0.024 a1r
21 0 64 0.036 a1r
21 0 66 0.016 a1r
21 0 67 0.024 a1r
22 0 54 0.162 a1r
22 0 55 0.216 a1r
22 0 56 0.162 a1r
22 0 57 0.108 a1r
22 0 58 0.144 a1r
22 0 59 0.108 a1r
22 0 63 0.018 a1r
22 0 64 0.024 a1r
22 0 65 0.018 a1r
22 0 66 0.012 a1r
22 0 67 0.016 a1r
22 0 68 0.012 a1r
23 0 55 0.324 a1r
23 0 56 0.216 a1r
23 0 58 0.216 a1r
23 0 59 0.144 a1r
23 0 64 0.036 a1r
23 0 65 0.024 a1r
23 0 67 0.024 a1r
23 0 68 0.016 a1r
24 0 57 0.216 a1r
24 0 58 0.324 a1r
24 0 60 0.144 a1r
24 0 61 0.216 a1r
24 0 66 0.024 a1r
24 0 67 0.036 a1r
24 0 69 0.016 a1r
24 0 70 0.024 a1r
25 0 57 0.162 a1r
25 0 58 0.216 a1r
25 0 59 0.162 a1r
25 0 60 0.108 a1r
25 0 61 0.144 a1r
25 0 62 0.108 a1r
25 0 66 0.018 a1r
25 0 67 0.024 a1r
25 0 68 0.018 a1r
25 0 69 0.012 a1r
25 0 70 0.016 a1r
25 0 71 0.012 a1r
26 0 58 0.324 a1r
26 0 59 0.216 a1r
26 0 61 0.216 a1r
26 0 62 0.144 a1r
26 0 67 0.036 a1r
26 0 68 0.024 a1r
26 0 70 0.024 a1r
26 0 71 0.016 a1r
27 0 18 0.4 repair
27 0 21 0.6 repair
28 0 18 0.4 repair
28 0 21 0.6 repair
29 0 19 0.4 repair
29 0 22 0.6 repair
30 0 21 0.4 repair
30 0 24 0.6 repair
31 0 21 0.4 repair
31 0 24 0.6 repair
32 0 22 0.4 repair
32 0 25 0.6 repair
33 0 24 1 repair
34 0 24 1 repair
35 0 25 1 repair
36 0 54 0.4 a0r
36 0 55 0.4 a0r
36 0 63 0.1 a0r
36 0 64 0.1 a0r
37 0 54 0.2 a0r
37 0 55 0.4 a0r
37 0 56 0.2 a0r
37 0 63 0.05 a0r
37 0 64 0.1 a0r
37 0 65 0.05 a0r
38 0 55 0.4 a0r
38 0 56 0.4 a0r
38 0 64 0.1 a0r
38 0 65 0.1 a0r
39 0 54 0.2 a0r
39 0 55 0.2 a0r
39 0 57 0.2 a0r
39 0 58 0.2 a0r
39 0 63 0.05 a0r
39 0 64 0.05 a0r
39 0 66 0.05 a0r
39 0 67 0.05 a0r
40 0 54 0.1 a0r
40 0 55 0.2 a0r
40 0 56 0.1 a0r
40 0 57 0.1 a0r
40 0 58 0.2 a0r
40 0 59 0.1 a0r
40 0 63 0.025 a0r
40 0 64 0.05 a0r
40 0 65 0.025 a0r
40 0 66 0.025 a0r
40 0 67 0.05 a0r
40 0 68 0.025 a0r
41 0 55 0.2 a0r
41 0 56 0.2 a0r
41 0 58 0.2 a0r
41 0 59 0.2 a0r
41 0 64 0.05 a0r
41 0 65 0.05 a0r
41 0 67 0.05 a0r
41 0 68 0.05 a0r
42 0 57 0.2 a0r
42 0 58 0.2 a0r
42 0 60 0.2 a0r
42 0 61 0.2 a0r
42 0 66 0.05 a0r
42 0 67 0.05 a0r
42 0 69 0.05 a0r
42 0 70 0.05 a0r
43 0 57 0.1 a0r
43 0 58 0.2 a0r
43 0 59 0.1 a0r
43 0 60 0.1 a0r
43 0 61 0.2 a0r
43 0 62 0.1 a0r
43 0 66 0.025 a0r
43 0 67 0.05 a0r
43 0 68 0.025 a0r
43 0 69 0.025 a0r
43 0 70 0.05 a0r
43 0 71 0.025 a0r
44 0 58 0.2 a0r
44 0 59 0.2 a0r
44 0 61 0.2 a0r
44 0 62 0.2 a0r
44 0 67 0.05 a0r
44 0 68 0.05 a0r
44 0 70 0.05 a0r
44 0 71 0.05 a0r
45 0 36 0.4 repair
45 0 39 0.6 repair
46 0 36 0.4 repair
46 0 39 0.6 repair
47 0 37 0.4 repair
47 0 40 0.6 repair
48 0 39 0.4 repair
48 0 42 0.6 repair
49 0 39 0.4 repair
49 0 42 0.6 repair
50 0 40 0.4 repair
50 0 43 0.6 repair
51 0 42 1 repair
52 0 42 1 repair
53 0 43 1 repair
54 0 72 0.21 a2r
54 0 73 0.49 a2r
54 0 81 0.09 a2r
54 0 82 0.21 a2r
55 0 72 0.245 a2r
55 0 73 0.21 a2r
55 0 74 0.245 a2r
55 0 81 0.105 a2r
55 0 82 0.09 a2r
55 0 83 0.105 a2r
56 0 73 0.49 a2r
56 0 74 0.21 a2r
56 0 82 0.21 a2r
56 0 83 0.09 a2r
57 0 72 0.147 a2r
57 0 73 0.343 a2r
57 0 75 0.063 a2r
57 0 76 0.147 a2r
57 0 81 0.063 a2r
57 0 82 0.147 a2r
57 0 84 0.027 a2r
57 0 85 0.063 a2r
58 0 72 0.1715 a2r
58 0 73 0.147 a2r
58 0 74 0.1715 a2r
58 0 75 0.0735 a2r
58 0 76 0.063 a2r
58 0 77 0.0735 a2r
58 0 81 0.0735 a2r
58 0 82 0.063 a2r
58 0 83 0.0735 a2r
58 0 84 0.0315 a2r
58 0 85 0.027 a2r
58 0 86 0.0315 a2r
59 0 73 0.343 a2r
59 0 74 0.147 a2r
59 0 76 0.147 a2r
59 0 77 0.063 a2r
59 0 82 0.147 a2r
59 0 83 0.063 a2r
59 0 85 0.063 a2r
59 0 86 0.027 a2r
60 0 75 0.147 a2r
60 0 76 0.343 a2r
60 0 78 0.063 a2r
60 0 79 0.147 a2r
60 0 84 0.063 a2r
60 0 85 0.147 a2r
60 0 87 0.027 a2r
60 0 88 0.063 a2r
61 0 75 0.1715 a2r
61 0 76 0.147 a2r
61 0 77 0.1715 a2r
61 0 78 0.0735 a2r
61 0 79 0.063 a2r
61 0 80 0.0735 a2r
61 0 84 0.0735 a2r
61 0 85 0.063 a2r
61 0 86 0.0735 a2r
61 0 87 0.0315 a2r
61 0 88 0.027 a2r
61 0 89 0.0315 a2r
62 0 76 0.343 a2r
62 0 77 0.147 a2r
62 0 79 0.147 a2r
62 0 80 0.063 a2r
62 0 85 0.147 a2r
62 0 86 0.063 a2r
62 0 88 0.063 a2r
62 0 89 0.027 a2r
63 0 54 0.4 repair
63 0 57 0.6 repair
64 0 54 0.4 repair
64 0 57 0.6 repair
65 0 55 0.4 repair
65 0 58 0.6 repair
66 0 57 0.4 repair
66 0 60 0.6 repair
67 0 57 0.4 repair
67 0 60 0.6 repair
68 0 58 0.4 repair
68 0 61 0.6 repair
69 0 60 1 repair
70 0 60 1 repair
71 0 61 1 repair
72 0 90 0.18 a3r
72 0 91 0.72 a3r
72 0 99 0.02 a3r
72 0 100 0.08 a3r
73 0 90 0.36 a3r
73 0 91 0.18 a3r
73 0 92 0.36 a3r
73 0 99 0.04 a3r
73 0 100 0.02 a3r
73 0 101 0.04 a3r
74 0 91 0.72 a3r
74 0 92 0.18 a3r
74 0 100 0.08 a3r
74 0 101 0.02 a3r
75 0 90 0.144 a3r
75 0 91 0.576 a3r
75 0 93 0.036 a3r
75 0 94 0.144 a3r
75 0 99 0.016 a3r
75 0 100 0.064 a3r
75 0 102 0.004 a3r
75 0 103 0.016 a3r
76 0 90 0.288 a3r
76 0 91 0.144 a3r
76 0 92 0.288 a3r
76 0 93 0.072 a3r
76 0 94 0.036 a3r
76 0 95 0.072 a3r
76 0 99 0.032 a3r
76 0 100 0.016 a3r
76 0 101 0.032 a3r
76 0 102 0.008 a3r
76 0 103 0.004 a3r
76 0 104 0.008 a3r
77 0 91 0.576 a3r
77 0 92 0.144 a3r
77 0 94 0.144 a3r
77 0 95 0.036 a3r
77 0 100 0.064 a3r
77 0 101 0.016 a3r
77 0 103 0.016 a3r
77 0 104 0.004 a3r
78 0 93 0.144 a3r
78 0 94 0.576 a3r
78 0 96 0.036 a3r
78 0 97 0.144 a3r
78 0 102 0.016 a3r
78 0 103 0.064 a3r
78 0 105 0.004 a3r
78 0 106 0.016 a3r
79 0 93 0.288 a3r
79 0 94 0.144 a3r
79 0 95 0.288 a3r
79 0 96 0.072 a3r
79 0 97 0.036 a3r
79 0 98 0.072 a3r
79 0 102 0.032 a3r
79 0 103 0.016 a3r
79 0 104 0.032 a3r
79 0 105 0.008 a3r
79 0 106 0.004 a3r
79 0 107 0.008 a3r
80 0 94 0.576 a3r
80 0 95 0.144 a3r
80 0 97 0.144 a3r
80 0 98 0.036 a3r
80 0 103 0.064 a3r
80 0 104 0.016 a3r
80 0 106 0.016 a3r
80 0 107 0.004 a3r
81 0 72 0.4 repair
81 0 75 0.6 repair
82 0 72 0.4 repair
82 0 75 0.6 repair
83 0 73 0.4 repair
83 0 76 0.6 repair
84 0 75 0.4 repair
84 0 78 0.6 repair
85 0 75 0.4 repair
85 0 78 0.6 repair
86 0 76 0.4 repair
86 0 79 0.6 repair
87 0 78 1 repair
88 0 78 1 repair
89 0 79 1 repair
90 0 0 1 reset
91 0 1 1 reset
92 0 2 1 reset
93 0 3 1 reset
94 0 4 1 reset
95 0 5 1 reset
96 0 6 1 reset
97 0 7 1 reset
98 0 8 1 reset
99 0 90 0.4 repair
99 0 93 0.6 repair
99 1 9 1 reset
100 0 90 0.4 repair
100 0 93 0.6 repair
100 1 10 1 reset
101 0 91 0.4 repair
101 0 94 0.6 repair
101 1 11 1 reset
102 0 93 0.4 repair
102 0 96 0.6 repair
102 1 12 1 reset
103 0 93 0.4 repair
103 0 96 0.6 repair
103 1 13 1 reset
104 0 94 0.4 repair
104 0 97 0.6 repair
104 1 14 1 reset
105 0 96 1 repair
105 1 15 1 reset
106 0 96 1 repair
106 1 16 1 reset
107 0 97 1 repair
107 1 17 1 reset
