0 0 36 0.4 a1h
0 0 39 0.6 a1h
0 1 36 0.36 a1r
0 1 37 0.54 a1r
0 1 45 0.04 a1r
0 1 46 0.06 a1r
0 2 18 0.5 a0h
0 2 21 0.5 a0h
0 3 18 0.4 a0r
0 3 19 0.4 a0r
0 3 27 0.1 a0r
0 3 28 0.1 a0r
1 0 37 0.4 a1h
1 0 40 0.6 a1h
1 1 36 0.27 a1r
1 1 37 0.36 a1r
1 1 38 0.27 a1r
1 1 45 0.03 a1r
1 1 46 0.04 a1r
1 1 47 0.03 a1r
1 2 19 0.5 a0h
1 2 22 0.5 a0h
1 3 18 0.2 a0r
1 3 19 0.4 a0r
1 3 20 0.2 a0r
1 3 27 0.05 a0r
1 3 28 0.1 a0r
1 3 29 0.05 a0r
2 0 38 0.4 a1h
2 0 41 0.6 a1h
2 1 37 0.54 a1r
2 1 38 0.36 a1r
2 1 46 0.06 a1r
2 1 47 0.04 a1r
2 2 20 0.5 a0h
2 2 23 0.5 a0h
2 3 19 0.4 a0r
2 3 20 0.4 a0r
2 3 28 0.1 a0r
2 3 29 0.1 a0r
3 0 39 0.4 a1h
3 0 42 0.6 a1h
3 1 36 0.216 a1r
3 1 37 0.324 a1r
3 1 39 0.144 a1r
3 1 40 0.216 a1r
3 1 45 0.024 a1r
3 1 46 0.036 a1r
3 1 48 0.016 a1r
3 1 49 0.024 a1r
3 2 21 0.5 a0h
3 2 24 0.5 a0h
3 3 18 0.2 a0r
3 3 19 0.2 a0r
3 3 21 0.2 a0r
3 3 22 0.2 a0r
3 3 27 0.05 a0r
3 3 28 0.05 a0r
3 3 30 0.05 a0r
3 3 31 0.05 a0r
4 0 40 0.4 a1h
4 0 43 0.6 a1h
4 1 36 0.162 a1r
4 1 37 0.216 a1r
4 1 38 0.162 a1r
4 1 39 0.108 a1r
4 1 40 0.144 a1r
4 1 41 0.108 a1r
4 1 45 0.018 a1r
4 1 46 0.024 a1r
4 1 47 0.018 a1r
4 1 48 0.012 a1r
4 1 49 0.016 a1r
4 1 50 0.012 a1r
4 2 22 0.5 a0h
4 2 25 0.5 a0h
4 3 18 0.1 a0r
4 3 19 0.2 a0r
4 3 20 0.1 a0r
4 3 21 0.1 a0r
4 3 22 0.2 a0r
4 3 23 0.1 a0r
4 3 27 0.025 a0r
4 3 28 0.05 a0r
4 3 29 0.025 a0r
4 3 30 0.025 a0r
4 3 31 0.05 a0r
4 3 32 0.025 a0r
5 0 41 0.4 a1h
5 0 44 0.6 a1h
5 1 37 0.324 a1r
5 1 38 0.216 a1r
5 1 40 0.216 a1r
5 1 41 0.144 a1r
5 1 46 0.036 a1r
5 1 47 0.024 a1r
5 1 49 0.024 a1r
5 1 50 0.016 a1r
5 2 23 0.5 a0h
5 2 26 0.5 a0h
5 3 19 0.2 a0r
5 3 20 0.2 a0r
5 3 22 0.2 a0r
5 3 23 0.2 a0r
5 3 28 0.05 a0r
5 3 29 0.05 a0r
5 3 31 0.05 a0r
5 3 32 0.05 a0r
6 0 42 1 a1h
6 1 39 0.216 a1r
6 1 40 0.324 a1r
6 1 42 0.144 a1r
6 1 43 0.216 a1r
6 1 48 0.024 a1r
6 1 49 0.036 a1r
6 1 51 0.016 a1r
6 1 52 0.024 a1r
6 2 24 1 a0h
6 3 21 0.2 a0r
6 3 22 0.2 a0r
6 3 24 0.2 a0r
6 3 25 0.2 a0r
6 3 30 0.05 a0r
6 3 31 0.05 a0r
6 3 33 0.05 a0r
6 3 34 0.05 a0r
7 0 43 1 a1h
7 1 39 0.162 a1r
7 1 40 0.216 a1r
7 1 41 0.162 a1r
7 1 42 0.108 a1r
7 1 43 0.144 a1r
7 1 44 0.108 a1r
7 1 48 0.018 a1r
7 1 49 0.024 a1r
7 1 50 0.018 a1r
7 1 51 0.012 a1r
7 1 52 0.016 a1r
7 1 53 0.012 a1r
7 2 25 1 a0h
7 3 21 0.1 a0r
7 3 22 0.2 a0r
7 3 23 0.1 a0r
7 3 24 0.1 a0r
7 3 25 0.2 a0r
7 3 26 0.1 a0r
7 3 30 0.025 a0r
7 3 31 0.05 a0r
7 3 32 0.025 a0r
7 3 33 0.025 a0r
7 3 34 0.05 a0r
7 3 35 0.025 a0r
8 0 44 1 a1h
8 1 40 0.324 a1r
8 1 41 0.216 a1r
8 1 43 0.216 a1r
8 1 44 0.144 a1r
8 1 49 0.036 a1r
8 1 50 0.024 a1r
8 1 52 0.024 a1r
8 1 53 0.016 a1r
8 2 26 1 a0h
8 3 22 0.2 a0r
8 3 23 0.2 a0r
8 3 25 0.2 a0r
8 3 26 0.2 a0r
8 3 31 0.05 a0r
8 3 32 0.05 a0r
8 3 34 0.05 a0r
8 3 35 0.05 a0r
9 0 0 0.4 repair
9 0 3 0.6 repair
9 1 45 0.4 a1h
9 1 48 0.6 a1h
9 2 27 0.5 a0h
9 2 30 0.5 a0h
10 0 0 0.4 repair
10 0 3 0.6 repair
10 1 46 0.4 a1h
10 1 49 0.6 a1h
10 2 28 0.5 a0h
10 2 31 0.5 a0h
11 0 1 0.4 repair
11 0 4 0.6 repair
11 1 47 0.4 a1h
11 1 50 0.6 a1h
11 2 29 0.5 a0h
11 2 32 0.5 a0h
12 0 3 0.4 repair
12 0 6 0.6 repair
12 1 48 0.4 a1h
12 1 51 0.6 a1h
12 2 30 0.5 a0h
12 2 33 0.5 a0h
13 0 3 0.4 repair
13 0 6 0.6 repair
13 1 49 0.4 a1h
13 1 52 0.6 a1h
13 2 31 0.5 a0h
13 2 34 0.5 a0h
14 0 4 0.4 repair
14 0 7 0.6 repair
14 1 50 0.4 a1h
14 1 53 0.6 a1h
14 2 32 0.5 a0h
14 2 35 0.5 a0h
15 0 6 1 repair
15 1 51 1 a1h
15 2 33 1 a0h
16 0 6 1 repair
16 1 52 1 a1h
16 2 34 1 a0h
17 0 7 1 repair
17 1 53 1 a1h
17 2 35 1 a0h
18 0 54 0.4 a1h
18 0 57 0.6 a1h
18 1 54 0.36 a1r
18 1 55 0.54 a1r
18 1 63 0.04 a1r
18 1 64 0.06 a1r
19 0 55 0.4 a1h
19 0 58 0.6 a1h
19 1 54 0.27 a1r
19 1 55 0.36 a1r
19 1 56 0.27 a1r
19 1 63 0.03 a1r
19 1 64 0.04 a1r
19 1 65 0.03 a1r
20 0 56 0.4 a1h
20 0 59 0.6 a1h
20 1 55 0.54 a1r
20 1 56 0.36 a1r
20 1 64 0.06 a1r
20 1 65 0.04 a1r
21 0 57 0.4 a1h
21 0 60 0.6 a1h
21 1 54 0.216 a1r
21 1 55 0.324 a1r
21 1 57 0.144 a1r
21 1 58 0.216 a1r
21 1 63 0.024 a1r
21 1 64 0.036 a1r
21 1 66 0.016 a1r
21 1 67 0.024 a1r
22 0 58 0.4 a1h
22 0 61 0.6 a1h
22 1 54 0.162 a1r
22 1 55 0.216 a1r
22 1 56 0.162 a1r
22 1 57 0.108 a1r
22 1 58 0.144 a1r
22 1 59 0.108 a1r
22 1 63 0.018 a1r
22 1 64 0.024 a1r
22 1 65 0.018 a1r
22 1 66 0.012 a1r
22 1 67 0.016 a1r
22 1 68 0.012 a1r
23 0 59 0.4 a1h
23 0 62 0.6 a1h
23 1 55 0.324 a1r
23 1 56 0.216 a1r
23 1 58 0.216 a1r
23 1 59 0.144 a1r
23 1 64 0.036 a1r
23 1 65 0.024 a1r
23 1 67 0.024 a1r
23 1 68 0.016 a1r
24 0 60 1 a1h
24 1 57 0.216 a1r
24 1 58 0.324 a1r
24 1 60 0.144 a1r
24 1 61 0.216 a1r
24 1 66 0.024 a1r
24 1 67 0.036 a1r
24 1 69 0.016 a1r
24 1 70 0.024 a1r
25 0 61 1 a1h
25 1 57 0.162 a1r
25 1 58 0.216 a1r
25 1 59 0.162 a1r
25 1 60 0.108 a1r
25 1 61 0.144 a1r
25 1 62 0.108 a1r
25 1 66 0.018 a1r
25 1 67 0.024 a1r
25 1 68 0.018 a1r
25 1 69 0.012 a1r
25 1 70 0.016 a1r
25 1 71 0.012 a1r
26 0 62 1 a1h
26 1 58 0.324 a1r
26 1 59 0.216 a1r
26 1 61 0.216 a1r
26 1 62 0.144 a1r
26 1 67 0.036 a1r
26 1 68 0.024 a1r
26 1 70 0.024 a1r
26 1 71 0.016 a1r
27 0 18 0.4 repair
27 0 21 0.6 repair
27 1 63 0.4 a1h
27 1 66 0.6 a1h
28 0 18 0.4 repair
28 0 21 0.6 repair
28 1 64 0.4 a1h
28 1 67 0.6 a1h
29 0 19 0.4 repair
29 0 22 0.6 repair
29 1 65 0.4 a1h
29 1 68 0.6 a1h
30 0 21 0.4 repair
30 0 24 0.6 repair
30 1 66 0.4 a1h
30 1 69 0.6 a1h
31 0 21 0.4 repair
31 0 24 0.6 repair
31 1 67 0.4 a1h
31 1 70 0.6 a1h
32 0 22 0.4 repair
32 0 25 0.6 repair
32 1 68 0.4 a1h
32 1 71 0.6 a1h
33 0 24 1 repair
33 1 69 1 a1h
34 0 24 1 repair
34 1 70 1 a1h
35 0 25 1 repair
35 1 71 1 a1h
36 0 54 0.5 a0h
36 0 57 0.5 a0h
36 1 54 0.4 a0r
36 1 55 0.4 a0r
36 1 63 0.1 a0r
36 1 64 0.1 a0r
37 0 55 0.5 a0h
37 0 58 0.5 a0h
37 1 54 0.2 a0r
37 1 55 0.4 a0r
37 1 56 0.2 a0r
37 1 63 0.05 a0r
37 1 64 0.1 a0r
37 1 65 0.05 a0r
38 0 56 0.5 a0h
38 0 59 0.5 a0h
38 1 55 0.4 a0r
38 1 56 0.4 a0r
38 1 64 0.1 a0r
38 1 65 0.1 a0r
39 0 57 0.5 a0h
39 0 60 0.5 a0h
39 1 54 0.2 a0r
39 1 55 0.2 a0r
39 1 57 0.2 a0r
39 1 58 0.2 a0r
39 1 63 0.05 a0r
39 1 64 0.05 a0r
39 1 66 0.05 a0r
39 1 67 0.05 a0r
40 0 58 0.5 a0h
40 0 61 0.5 a0h
40 1 54 0.1 a0r
40 1 55 0.2 a0r
40 1 56 0.1 a0r
40 1 57 0.1 a0r
40 1 58 0.2 a0r
40 1 59 0.1 a0r
40 1 63 0.025 a0r
40 1 64 0.05 a0r
40 1 65 0.025 a0r
40 1 66 0.025 a0r
40 1 67 0.05 a0r
40 1 68 0.025 a0r
41 0 59 0.5 a0h
41 0 62 0.5 a0h
41 1 55 0.2 a0r
41 1 56 0.2 a0r
41 1 58 0.2 a0r
41 1 59 0.2 a0r
41 1 64 0.05 a0r
41 1 65 0.05 a0r
41 1 67 0.05 a0r
41 1 68 0.05 a0r
42 0 60 1 a0h
42 1 57 0.2 a0r
42 1 58 0.2 a0r
42 1 60 0.2 a0r
42 1 61 0.2 a0r
42 1 66 0.05 a0r
42 1 67 0.05 a0r
42 1 69 0.05 a0r
42 1 70 0.05 a0r
43 0 61 1 a0h
43 1 57 0.1 a0r
43 1 58 0.2 a0r
43 1 59 0.1 a0r
43 1 60 0.1 a0r
43 1 61 0.2 a0r
43 1 62 0.1 a0r
43 1 66 0.025 a0r
43 1 67 0.05 a0r
43 1 68 0.025 a0r
43 1 69 0.025 a0r
43 1 70 0.05 a0r
43 1 71 0.025 a0r
44 0 62 1 a0h
44 1 58 0.2 a0r
44 1 59 0.2 a0r
44 1 61 0.2 a0r
44 1 62 0.2 a0r
44 1 67 0.05 a0r
44 1 68 0.05 a0r
44 1 70 0.05 a0r
44 1 71 0.05 a0r
45 0 36 0.4 repair
45 0 39 0.6 repair
45 1 63 0.5 a0h
45 1 66 0.5 a0h
46 0 36 0.4 repair
46 0 39 0.6 repair
46 1 64 0.5 a0h
46 1 67 0.5 a0h
47 0 37 0.4 repair
47 0 40 0.6 repair
47 1 65 0.5 a0h
47 1 68 0.5 a0h
48 0 39 0.4 repair
48 0 42 0.6 repair
48 1 66 0.5 a0h
48 1 69 0.5 a0h
49 0 39 0.4 repair
49 0 42 0.6 repair
49 1 67 0.5 a0h
49 1 70 0.5 a0h
50 0 40 0.4 repair
50 0 43 0.6 repair
50 1 68 0.5 a0h
50 1 71 0.5 a0h
51 0 42 1 repair
51 1 69 1 a0h
52 0 42 1 repair
52 1 70 1 a0h
53 0 43 1 repair
53 1 71 1 a0h
54 0 72 0.21 a2r
54 0 73 0.49 a2r
54 0 81 0.09 a2r
54 0 82 0.21 a2r
54 1 72 0.3 a2h
54 1 75 0.7 a2h
55 0 72 0.245 a2r
55 0 73 0.21 a2r
55 0 74 0.245 a2r
55 0 81 0.105 a2r
55 0 82 0.09 a2r
55 0 83 0.105 a2r
55 1 73 0.3 a2h
55 1 76 0.7 a2h
56 0 73 0.49 a2r
56 0 74 0.21 a2r
56 0 82 0.21 a2r
56 0 83 0.09 a2r
56 1 74 0.3 a2h
56 1 77 0.7 a2h
57 0 72 0.147 a2r
57 0 73 0.343 a2r
57 0 75 0.063 a2r
57 0 76 0.147 a2r
57 0 81 0.063 a2r
57 0 82 0.147 a2r
57 0 84 0.027 a2r
57 0 85 0.063 a2r
57 1 75 0.3 a2h
57 1 78 0.7 a2h
58 0 72 0.1715 a2r
58 0 73 0.147 a2r
58 0 74 0.1715 a2r
58 0 75 0.0735 a2r
58 0 76 0.063 a2r
58 0 77 0.0735 a2r
58 0 81 0.0735 a2r
58 0 82 0.063 a2r
58 0 83 0.0735 a2r
58 0 84 0.0315 a2r
58 0 85 0.027 a2r
58 0 86 0.0315 a2r
58 1 76 0.3 a2h
58 1 79 0.7 a2h
59 0 73 0.343 a2r
59 0 74 0.147 a2r
59 0 76 0.147 a2r
59 0 77 0.063 a2r
59 0 82 0.147 a2r
59 0 83 0.063 a2r
59 0 85 0.063 a2r
59 0 86 0.027 a2r
59 1 77 0.3 a2h
59 1 80 0.7 a2h
60 0 75 0.147 a2r
60 0 76 0.343 a2r
60 0 78 0.063 a2r
60 0 79 0.147 a2r
60 0 84 0.063 a2r
60 0 85 0.147 a2r
60 0 87 0.027 a2r
60 0 88 0.063 a2r
60 1 78 1 a2h
61 0 75 0.1715 a2r
61 0 76 0.147 a2r
61 0 77 0.1715 a2r
61 0 78 0.0735 a2r
61 0 79 0.063 a2r
61 0 80 0.0735 a2r
61 0 84 0.0735 a2r
61 0 85 0.063 a2r
61 0 86 0.0735 a2r
61 0 87 0.0315 a2r
61 0 88 0.027 a2r
61 0 89 0.0315 a2r
61 1 79 1 a2h
62 0 76 0.343 a2r
62 0 77 0.147 a2r
62 0 79 0.147 a2r
62 0 80 0.063 a2r
62 0 85 0.147 a2r
62 0 86 0.063 a2r
62 0 88 0.063 a2r
62 0 89 0.027 a2r
62 1 80 1 a2h
63 0 54 0.4 repair
63 0 57 0.6 repair
63 1 81 0.3 a2h
63 1 84 0.7 a2h
64 0 54 0.4 repair
64 0 57 0.6 repair
64 1 82 0.3 a2h
64 1 85 0.7 a2h
65 0 55 0.4 repair
65 0 58 0.6 repair
65 1 83 0.3 a2h
65 1 86 0.7 a2h
66 0 57 0.4 repair
66 0 60 0.6 repair
66 1 84 0.3 a2h
66 1 87 0.7 a2h
67 0 57 0.4 repair
67 0 60 0.6 repair
67 1 85 0.3 a2h
67 1 88 0.7 a2h
68 0 58 0.4 repair
68 0 61 0.6 repair
68 1 86 0.3 a2h
68 1 89 0.7 a2h
69 0 60 1 repair
69 1 87 1 a2h
70 0 60 1 repair
70 1 88 1 a2h
71 0 61 1 repair
71 1 89 1 a2h
72 0 90 0.4 a3h
72 0 93 0.6 a3h
72 1 90 0.18 a3r
72 1 91 0.72 a3r
72 1 99 0.02 a3r
72 1 100 0.08 a3r
73 0 91 0.4 a3h
73 0 94 0.6 a3h
73 1 90 0.36 a3r
73 1 91 0.18 a3r
73 1 92 0.36 a3r
73 1 99 0.04 a3r
73 1 100 0.02 a3r
73 1 101 0.04 a3r
74 0 92 0.4 a3h
74 0 95 0.6 a3h
74 1 91 0.72 a3r
74 1 92 0.18 a3r
74 1 100 0.08 a3r
74 1 101 0.02 a3r
75 0 93 0.4 a3h
75 0 96 0.6 a3h
75 1 90 0.144 a3r
75 1 91 0.576 a3r
75 1 93 0.036 a3r
75 1 94 0.144 a3r
75 1 99 0.016 a3r
75 1 100 0.064 a3r
75 1 102 0.004 a3r
75 1 103 0.016 a3r
76 0 94 0.4 a3h
76 0 97 0.6 a3h
76 1 90 0.288 a3r
76 1 91 0.144 a3r
76 1 92 0.288 a3r
76 1 93 0.072 a3r
76 1 94 0.036 a3r
76 1 95 0.072 a3r
76 1 99 0.032 a3r
76 1 100 0.016 a3r
76 1 101 0.032 a3r
76 1 102 0.008 a3r
76 1 103 0.004 a3r
76 1 104 0.008 a3r
77 0 95 0.4 a3h
77 0 98 0.6 a3h
77 1 91 0.576 a3r
77 1 92 0.144 a3r
77 1 94 0.144 a3r
77 1 95 0.036 a3r
77 1 100 0.064 a3r
77 1 101 0.016 a3r
77 1 103 0.016 a3r
77 1 104 0.004 a3r
78 0 96 1 a3h
78 1 93 0.144 a3r
78 1 94 0.576 a3r
78 1 96 0.036 a3r
78 1 97 0.144 a3r
78 1 102 0.016 a3r
78 1 103 0.064 a3r
78 1 105 0.004 a3r
78 1 106 0.016 a3r
79 0 97 1 a3h
79 1 93 0.288 a3r
79 1 94 0.144 a3r
79 1 95 0.288 a3r
79 1 96 0.072 a3r
79 1 97 0.036 a3r
79 1 98 0.072 a3r
79 1 102 0.032 a3r
79 1 103 0.016 a3r
79 1 104 0.032 a3r
79 1 105 0.008 a3r
79 1 106 0.004 a3r
79 1 107 0.008 a3r
80 0 98 1 a3h
80 1 94 0.576 a3r
80 1 95 0.144 a3r
80 1 97 0.144 a3r
80 1 98 0.036 a3r
80 1 103 0.064 a3r
80 1 104 0.016 a3r
80 1 106 0.016 a3r
80 1 107 0.004 a3r
81 0 72 0.4 repair
81 0 75 0.6 repair
81 1 99 0.4 a3h
81 1 102 0.6 a3h
82 0 72 0.4 repair
82 0 75 0.6 repair
82 1 100 0.4 a3h
82 1 103 0.6 a3h
83 0 73 0.4 repair
83 0 76 0.6 repair
83 1 101 0.4 a3h
83 1 104 0.6 a3h
84 0 75 0.4 repair
84 0 78 0.6 repair
84 1 102 0.4 a3h
84 1 105 0.6 a3h
85 0 75 0.4 repair
85 0 78 0.6 repair
85 1 103 0.4 a3h
85 1 106 0.6 a3h
86 0 76 0.4 repair
86 0 79 0.6 repair
86 1 104 0.4 a3h
86 1 107 0.6 a3h
87 0 78 1 repair
87 1 105 1 a3h
88 0 78 1 repair
88 1 106 1 a3h
89 0 79 1 repair
89 1 107 1 a3h
90 0 0 1 reset
91 0 1 1 reset
92 0 2 1 reset
93 0 3 1 reset
94 0 4 1 reset
95 0 5 1 reset
96 0 6 1 reset
97 0 7 1 reset
98 0 8 1 reset
99 0 90 0.4 repair
99 0 93 0.6 repair
99 1 9 1 reset
100 0 90 0.4 repair
100 0 93 0.6 repair
100 1 10 1 reset
101 0 91 0.4 repair
101 0 94 0.6 repair
101 1 11 1 reset
102 0 93 0.4 repair
102 0 96 0.6 repair
102 1 12 1 reset
103 0 93 0.4 repair
103 0 96 0.6 repair
103 1 13 1 reset
104 0 94 0.4 repair
104 0 97 0.6 repair
104 1 14 1 reset
105 0 96 1 repair
105 1 15 1 reset
106 0 96 1 repair
106 1 16 1 reset
107 0 97 1 repair
107 1 17 1 reset
